              precision    recall  f1-score   support

           0       0.79      0.68      0.73       365
           1       0.54      0.33      0.41       258
           2       0.70      0.54      0.61        35
           3       0.52      0.45      0.49        55
           4       0.24      0.33      0.28        24
           5       0.45      0.42      0.43        88
           6       0.66      0.52      0.58        73
           7       0.62      0.60      0.61        42
           8       0.55      0.70      0.61        33
           9       0.30      0.31      0.30        52
          10       0.17      0.52      0.25        21
          11       0.79      0.87      0.83       125
          12       0.40      0.43      0.42        23
          13       0.19      0.37      0.25        27
          14       0.58      0.70      0.63       135
          15       0.51      0.54      0.52       138
          16       0.46      0.44      0.45        43
          17       0.55      0.35      0.43        31
          18       0.58      0.60      0.59        47
          19       0.08      0.25      0.12        24
          20       0.15      0.27      0.19        52
          21       0.40      0.26      0.32        87
          22       0.79      0.50      0.61        22

    accuracy                           0.53      1800
   macro avg       0.48      0.48      0.46      1800
weighted avg       0.57      0.53      0.54      1800
