              precision    recall  f1-score   support

           0       0.59      0.89      0.71       365
           1       0.27      0.71      0.40       258
           2       0.88      0.20      0.33        35
           3       0.58      0.25      0.35        55
           4       1.00      0.04      0.08        24
           5       0.88      0.17      0.29        88
           6       0.87      0.36      0.50        73
           7       0.70      0.33      0.45        42
           8       0.75      0.27      0.40        33
           9       1.00      0.13      0.24        52
          10       0.00      0.00      0.00        21
          11       0.76      0.82      0.79       125
          12       1.00      0.22      0.36        23
          13       0.00      0.00      0.00        27
          14       0.51      0.69      0.58       135
          15       0.63      0.36      0.46       138
          16       0.40      0.09      0.15        43
          17       0.83      0.16      0.27        31
          18       0.91      0.43      0.58        47
          19       0.00      0.00      0.00        24
          20       0.50      0.02      0.04        52
          21       0.50      0.06      0.10        87
          22       1.00      0.09      0.17        22

    accuracy                           0.49      1800
   macro avg       0.63      0.27      0.32      1800
weighted avg       0.60      0.49      0.45      1800
